$ANSIBLE_VAULT;1.1;AES256
33613737613163613836343937393233353734663930346431363534336431633265393761633339
6339323434346132303039613065663035613764333337620a306139386633663730656463323339
64376133333766303539303965366135373933366530346236636162663830386231653733653837
3263373539383837300a333736333534653937316134303138303433653566313131393539636234
66353339393933623037656638623730363061376263313131373661333462623230643265656566
62333061303566613931353037326238313266663063383462343135616664323064363033336338
38353335386562646133383931393762623237373934653466363962336136343535303262386635
33303864653263633633343931353831663061636230643337313536376531323365643466626165
37396330303134326430343931373163653334613139386135663931376535306564306564613364
38326631623330366236346462396638663036373462396262626332353963313665336137386261
64653661666561623662633131343038326361653530366265353763316531366436376163303533
65366634336564653862643034333334626166633261643566656237636362376562656366323165
34356166653662323131626662666362383132666534346563656239383733323061303762366339
36353538363865343863303535616531663638386164646539366430613635623138336331303230
30396635366131313863333130616433616565613131393963663230333834626561383436663136
64626132663163323231
