$ANSIBLE_VAULT;1.1;AES256
63666163653864353937353663626461336636306337396335333961343266383366626438363038
6134313238326565373133656365393733646265366265380a303935613964343765303462363232
62346536376262646539393262326139323136346162343261356233633035653163303032303838
3664396332306664360a383730346534316334613365333432633535633135353766653337666565
34666365643630363636643764386361333338353534646666336234376566393134323432303464
63666363616564626636363934613364653939636132323861373139663161316666623530303865
66346261353531306663323235636135653036383630326430373666366136343531396461633837
34313164653034396463343237326661306130396362343539333331303766303539393930333439
35386431303433313764303264666664346636316538666432393631616438393332656363653433
39376432363931306333306363316137646633393562313735383865636466316231343235313638
39646130356538373132333163343061396234396263393931643432663866656565663462363264
64326339363766613935343037333535623937323166393939663937346564313631646233663066
31373062663138393236616330383165366338626162653632653362336262633036643339636664
33633337663066346162373861663430353261376631623866653633353035396137343334376138
63343435353062343838323033636465613437643238323732316539363765633835383937633861
37666337366233363036313833633266393161333332303831386537316330616238623136623764
36396533333536316461626431376337613063643331613733643831303238623233613666636438
3637323237653561333036343932383565303061663733386338
